11927.1875000000000
43389.5937500000000
114821.9062500000000
180877.7500000000000
245341.7500000000000
300609.3750000000000
303732.6875000000000
353581.0937500000000
386345.4375000000000
454345.0625000000000
507806.2187500000000
507930.3125000000000
554915.1875000000000
638725.7812500000000
687043.8750000000000
713497.0312500000000
778905.5000000000000
789685.0937500000000
867471.1875000000000
947464.5937500000000
964192.3750000000000
1014101.0625000000000
1086343.8750000000000
1094666.2187500000000
1141794.2500000000000
1151809.9687500000000
1206866.4062500000000
1286910.9687500000000
1363397.6875000000000
1393538.4687500000000
1399303.9687500000000
1464871.2500000000000
1509930.3437500000000
1549350.1250000000000
1602388.2812500000000
1629372.6562500000000
1655757.5000000000000
1716438.5312500000000
1766529.8125000000000
1822853.4062500000000
1856628.9062500000000
1931802.0312500000000
1978806.1250000000000
2051637.2812500000000
2056274.7812500000000
2095912.2187500000000
2110687.1875000000000
2118859.6562500000000
2200051.0000000000000
2216325.9687500000000
2248268.1562500000000
2327835.6250000000000
2334310.2812500000000
2402472.7500000000000
2463771.2812500000000
2527288.9687500000000
2588874.6250000000000
2669413.2187500000000
2703711.4687500000000
2780898.5312500000000
2855083.5937500000000
2914035.8125000000000
2930731.0000000000000
3012306.6875000000000
3031083.0625000000000
3111539.2187500000000
3194617.4375000000000
3235118.1562500000000
3305180.1250000000000
3378280.6562500000000
3385386.6250000000000
3393310.1250000000000
3433100.8750000000000
3515764.8437500000000
3525744.5625000000000
3552840.5625000000000
3584586.1875000000000
3585140.0312500000000
3666509.0312500000000
3675917.9375000000000
3744530.6250000000000
3749698.9687500000000
3809883.4375000000000
3868842.0312500000000
3949019.7500000000000
3953853.2500000000000
3957721.8750000000000
4000391.3437500000000
4006852.0312500000000
4029127.5000000000000
4056800.4375000000000
4100185.0000000000000
4169653.3125000000000
4197049.9687500000000
4259413.0937500000000
4287974.3750000000000
4318549.2187500000000
4348566.9062500000000
4363978.0625000000000
4368715.8750000000000
4399450.7812500000000
4473366.9062500000000
4512921.0000000000000
4517637.3125000000000
4526084.4687500000000
4574532.3750000000000
4636337.8750000000000
4706515.8437500000000
4769564.9062500000000
4783650.9062500000000
4829195.7812500000000
4831602.7500000000000
4910054.0000000000000
4960774.6562500000000
4969247.7187500000000
4971933.5000000000000
5020624.4375000000000
5100216.3437500000000
5167587.6562500000000
5182681.3437500000000
5198404.6875000000000
5254758.1250000000000
5285221.3125000000000
5354689.0000000000000
5403528.9375000000000
5451119.5000000000000
5457664.0000000000000
5518359.7187500000000
5518988.1250000000000
5581287.4062500000000
5658330.8125000000000
5659211.0937500000000
5673297.6250000000000
5721542.9062500000000
5768137.6875000000000
5787044.2812500000000
5802428.0625000000000
5872859.2187500000000
5880768.4062500000000
5888295.7187500000000
5957114.6250000000000
6013409.0625000000000
6047545.7500000000000
6079006.9062500000000
6104062.3437500000000
6163710.5312500000000
6175015.3437500000000
6250880.9687500000000
6257191.2812500000000
6290481.8750000000000
6293190.7812500000000
6339765.2187500000000
6360173.3750000000000
6439528.6562500000000
6460293.1875000000000
6499435.2500000000000
6549075.5000000000000
6570619.6562500000000
6597795.5625000000000
6634100.6562500000000
6675383.8437500000000
6712408.5625000000000
6766580.4062500000000
6821418.4062500000000
6893845.2500000000000
6963863.2500000000000
6990535.8437500000000
7002560.4375000000000
7047356.4062500000000
7084855.2187500000000
7119248.0937500000000
7188831.2500000000000
7268650.6250000000000
7289382.4687500000000
7349931.6562500000000
7410810.0000000000000
7459783.1250000000000
7468070.4062500000000
7541548.7500000000000
7617301.8125000000000
7658188.5937500000000
7687907.6562500000000
7699837.1875000000000
7733891.2812500000000
7799573.1250000000000
7837030.8437500000000
7891610.5625000000000
7898998.3125000000000
7968640.5625000000000
7992162.6875000000000
8016367.5625000000000
8039795.4687500000000
8082295.2812500000000
8102197.5312500000000
8123257.3125000000000
8174011.1562500000000
8226275.4375000000000
8310123.1875000000000
8320324.5312500000000
8389829.5937500000000
8438142.2187500000000
8464132.7500000000000
8500456.5625000000000
8521988.4687500000000
8560186.7812500000000
8612008.5937500000000
8631420.8125000000000
8682141.1875000000000
8745227.2500000000000
8809588.9687500000000
8825693.2187500000000
8827429.2812500000000
8856666.0000000000000
8895832.7187500000000
8974896.6250000000000
9032025.3437500000000
9055274.7187500000000
9118151.4062500000000
9124789.9687500000000
9144287.8125000000000
9150620.2812500000000
9151768.0312500000000
9219505.8750000000000
9252802.3125000000000
9320245.9375000000000
9334519.0312500000000
9341351.1250000000000
9347037.2812500000000
9353629.2500000000000
9367420.9375000000000
9411375.6250000000000
9494915.9687500000000
9578263.2500000000000
9583328.0000000000000
9665739.4062500000000
9700012.0625000000000
9767426.0312500000000
9851289.5625000000000
9921097.3750000000000
9970840.6250000000000
10017554.5625000000000
10081576.1250000000000
10094492.2812500000000
10130404.6562500000000
10156234.4375000000000
10235783.0000000000000
10310079.5625000000000
10338154.0625000000000
10417294.0625000000000
10471183.3750000000000
10522606.1562500000000
10571585.7812500000000
10631227.2500000000000
10653547.8750000000000
10703700.9687500000000
10732627.8750000000000
10748178.9062500000000
10789052.0312500000000
10841383.8125000000000
10918225.5937500000000
10950501.8437500000000
11025681.4375000000000
11040736.6250000000000
11051473.0625000000000
11070149.5625000000000
11096386.2500000000000
11099819.9062500000000
11131774.2187500000000
11208439.6875000000000
11235741.5625000000000
11305837.9375000000000
11315947.7187500000000
11371193.5000000000000
11405898.5625000000000
11422311.4687500000000
11445656.9375000000000
11517286.2500000000000
11531057.5625000000000
11613499.5000000000000
11617841.7500000000000
11627964.7812500000000
11709305.2812500000000
11792953.9062500000000
11875866.1562500000000
11889806.1562500000000
11939296.5937500000000
11994728.9375000000000
12076581.7812500000000
12129447.0937500000000
12148405.1250000000000
12220696.9062500000000
12242192.5000000000000
12326063.9687500000000
12354719.8125000000000
12380413.8437500000000
12463400.5937500000000
12495452.2812500000000
12574359.0000000000000
12610926.5937500000000
12619906.0937500000000
12657972.5312500000000
12733422.9062500000000
12792220.3125000000000
12808328.5625000000000
12848128.5312500000000
12884980.7812500000000
12954720.2187500000000
12961804.3437500000000
12982534.9687500000000
12999615.0937500000000
13019400.0000000000000
13102435.0937500000000
13173944.2812500000000
13229100.3750000000000
13247862.1875000000000
13329173.3125000000000
13375364.1562500000000
13378762.4062500000000
13410833.9062500000000
13429284.7500000000000
13459562.0625000000000
13481147.9687500000000
13552891.0937500000000
13570162.7500000000000
13625474.6562500000000
13666936.9375000000000
13720994.4687500000000
13735951.5625000000000
13815218.0312500000000
13851845.6875000000000
13857676.8125000000000
13893761.0312500000000
13917838.2187500000000
13962804.6875000000000
13990077.0312500000000
14030026.0000000000000
14103271.1875000000000
14184672.9687500000000
14191072.3750000000000
14204271.6875000000000
14253689.0000000000000
14288023.2500000000000
14302753.8437500000000
14308789.0312500000000
14345088.8750000000000
14368336.0625000000000
14436778.1875000000000
14515030.9687500000000
14539927.2812500000000
14542353.5625000000000
14585139.0312500000000
14599435.9375000000000
14650303.0312500000000
14677416.7812500000000
14736022.0000000000000
14765992.6875000000000
14773175.6875000000000
14783804.1875000000000
14795464.1250000000000
14812770.5000000000000
14886138.6250000000000
14963679.9375000000000
14980165.9687500000000
15056028.5000000000000
15112529.5000000000000
15190534.3750000000000
15242686.2500000000000
15249847.2500000000000
15325888.7187500000000
15351569.9375000000000
15398826.4062500000000
15448593.5625000000000
15490580.3125000000000
15562510.0000000000000
15581275.4375000000000
15589873.0312500000000
15638821.5937500000000
15701345.8437500000000
15710876.4062500000000
15774077.7500000000000
15778934.5000000000000
15817891.5000000000000
15847186.9375000000000
15874895.7500000000000
15928074.2187500000000
15979514.6562500000000
16005200.3437500000000
16065192.0937500000000
16091877.9062500000000
16102913.3125000000000
16170768.0000000000000
16218045.4062500000000
16274832.4062500000000
16325354.0000000000000
16372646.6875000000000
16398976.7812500000000
16424092.7187500000000
16451490.1250000000000
16514275.7500000000000
16589037.9062500000000
16593651.4062500000000
16622202.1250000000000
16631480.1562500000000
16671608.2500000000000
16727847.4062500000000
16755757.0625000000000
16773179.6875000000000
16856644.1250000000000
16859331.4687500000000
16940742.0937500000000
17003291.0625000000000
17064176.2500000000000
17092197.3125000000000
17145758.9375000000000
17209457.2812500000000
17261620.9687500000000
17268401.0937500000000
17345994.2500000000000
17408270.3437500000000
17469725.9062500000000
17489726.1562500000000
17509801.1562500000000
17518844.3750000000000
17563225.4687500000000
17584037.5937500000000
17635035.0625000000000
17651599.7812500000000
17729438.8750000000000
17742051.7812500000000
17764497.3125000000000
17844313.6875000000000
17914985.8750000000000
17984513.4687500000000
17987712.6562500000000
18060842.8125000000000
18108582.0312500000000
18117814.2812500000000
18131882.0000000000000
18209310.4375000000000
18275192.6562500000000
18299053.3125000000000
18321457.6875000000000
18328816.9375000000000
18383515.6562500000000
18451610.0312500000000
18482879.7500000000000
18509670.3750000000000
18551356.9375000000000
18581958.7187500000000
18582586.5625000000000
18623321.2187500000000
18632355.9687500000000
18710714.4375000000000
18712152.5000000000000
18791223.9062500000000
18870379.8437500000000
18919414.7500000000000
18986174.9062500000000
19033287.5000000000000
19071211.4062500000000
19133331.8437500000000
19151764.0937500000000
19226025.7500000000000
19266147.7812500000000
19341458.7187500000000
19409426.0625000000000
19453222.4375000000000
19510466.4687500000000
19593825.3750000000000
19651018.9062500000000
19700558.7187500000000
19782814.0000000000000
19819631.6250000000000
19878555.0312500000000
19938351.2187500000000
19997451.1250000000000
20077973.1875000000000
20138803.0625000000000
20204126.8125000000000
20232802.2187500000000
20257786.2812500000000
20268382.2812500000000
20347650.8437500000000
20410499.0625000000000
20485901.5312500000000
20543148.5000000000000
20578079.7187500000000
20625292.9062500000000
20704172.7187500000000
20750661.8125000000000
20762137.1562500000000
20839581.5937500000000
20857390.1562500000000
20922578.0000000000000
20979201.4375000000000
21018128.0625000000000
21020087.5937500000000
21022768.9062500000000
21046335.8125000000000
21083307.9687500000000
21165577.0000000000000
21249229.5625000000000
21310924.2500000000000
21322583.0625000000000
21356172.2812500000000
21427796.7187500000000
21431687.1562500000000
21449083.0312500000000
21509272.2812500000000
21563950.6250000000000
21565646.4687500000000
21591619.9062500000000
21644608.1562500000000
21683249.7812500000000
21743108.8750000000000
21767188.5000000000000
21850380.6562500000000
21885036.9062500000000
21894257.2500000000000
21974431.6875000000000
21987508.4687500000000
22004270.3437500000000
22004785.3125000000000
22050067.0000000000000
22094974.2187500000000
22108267.2500000000000
22123635.2187500000000
22129887.2812500000000
22159511.9687500000000
22230668.1875000000000
22281444.6875000000000
22292598.4375000000000
22323489.9375000000000
22361630.0937500000000
22388734.1875000000000
22406082.3437500000000
22421184.0937500000000
22454259.5937500000000
22529349.5000000000000
22550710.5000000000000
22578815.9062500000000
22613494.5000000000000
22681474.6250000000000
22695421.9062500000000
22723588.5312500000000
22723847.3750000000000
22752740.8125000000000
22762001.2812500000000
22762245.5625000000000
22764615.1250000000000
22778095.5625000000000
22801502.1562500000000
22862138.9062500000000
22880208.4062500000000
22918704.7500000000000
22992217.8750000000000
23047198.9687500000000
23097751.9687500000000
23117251.4687500000000
23178345.5937500000000
23244105.2500000000000
23273843.3437500000000
23280371.9062500000000
23327742.1562500000000
23374376.7812500000000
23450793.9687500000000
23456322.8125000000000
23467690.2812500000000
23538162.7500000000000
23563209.2812500000000
23642179.6875000000000
23706521.9375000000000
23720689.6875000000000
23796463.3125000000000
23867736.8125000000000
23881040.6562500000000
23911198.9062500000000
23950752.4687500000000
24024894.7187500000000
24041883.6562500000000
24045554.2187500000000
24083754.1875000000000
24091374.6875000000000
24108093.2500000000000
24113522.0625000000000
24186592.0312500000000
24250625.7500000000000
24308396.9687500000000
24388491.8125000000000
24398957.5937500000000
24419180.0937500000000
24463263.9375000000000
24463493.4062500000000
24513997.0937500000000
24564695.0312500000000
24634712.0937500000000
24712064.1250000000000
24785223.6250000000000
24813771.4062500000000
24840142.1562500000000
24912835.0937500000000
24962678.3750000000000
24981971.3437500000000
25035875.5312500000000
25091747.6875000000000
25092938.3125000000000
25120828.6562500000000
25133755.9375000000000
25208571.2500000000000
25278123.2812500000000
25329262.0625000000000
25393813.7187500000000
25400400.4375000000000
25406425.4687500000000
25480766.7187500000000
25534613.1250000000000
25599013.2187500000000
25669707.5937500000000
25693365.8125000000000
25746608.0937500000000
25784473.5625000000000
25807315.4062500000000
25839307.3437500000000
25922275.4375000000000
25946425.3750000000000
25952642.1562500000000
26020372.9687500000000
26072204.7500000000000
26081726.8437500000000
26117771.4375000000000
26128913.7187500000000
26212097.9687500000000
26282876.1562500000000
26323842.3125000000000
26406297.9687500000000
26440122.0000000000000
26461561.0625000000000
26489089.8437500000000
26547392.4687500000000
26586148.5937500000000
26665426.7500000000000
26717935.5312500000000
26718347.6875000000000
26755152.4375000000000
26756645.1250000000000
26770525.3125000000000
26841029.7812500000000
26877706.2187500000000
26914275.8437500000000
26983063.5937500000000
27014166.1250000000000
27026059.9687500000000
27048098.5312500000000
27099420.6250000000000
27108694.1875000000000
27175072.0937500000000
27217001.2812500000000
27279291.8125000000000
27334194.1562500000000
27388965.4375000000000
27390821.2500000000000
27462913.8437500000000
27478299.0000000000000
27535384.8750000000000
27543573.0625000000000
27571792.9062500000000
27634878.5312500000000
27684509.8750000000000
27698095.6562500000000
27738611.1562500000000
27753864.0000000000000
27798630.1562500000000
27855026.4687500000000
27903619.2187500000000
27970217.4687500000000
28011635.0625000000000
28048216.6250000000000
28070646.2500000000000
28090648.7500000000000
28144723.7812500000000
28151225.1875000000000
28219808.3125000000000
28287420.5937500000000
28292873.8750000000000
28328351.8437500000000
28399984.3750000000000
28460303.5312500000000
28534137.4687500000000
28581412.0625000000000
28653480.9687500000000
28687231.5312500000000
28695505.5937500000000
28696887.0312500000000
28716410.5937500000000
28773617.2812500000000
28812939.2812500000000
28859399.4687500000000
28881595.8125000000000
28936147.0000000000000
28982075.2187500000000
29044733.3750000000000
29071893.9687500000000
29098988.7500000000000
29139850.0000000000000
29223480.5937500000000
29277866.9375000000000
29286954.1562500000000
29365324.9375000000000
29403845.0625000000000
29436670.5625000000000
29517985.2187500000000
29583348.4687500000000
29645353.5312500000000
29711975.0625000000000
29788711.8125000000000
29812323.2812500000000
29853797.2187500000000
29877323.1875000000000
29949411.5312500000000
29990874.8125000000000
30009116.9375000000000
30052593.1875000000000
30106008.2500000000000
30129904.5312500000000
30144954.8125000000000
30213599.7812500000000
30218997.2500000000000
30275769.5312500000000
30299954.1562500000000
30313540.7500000000000
30322765.5312500000000
30399975.8750000000000
30480087.5000000000000
30542941.0000000000000
30561373.9062500000000
30591556.0937500000000
30672429.2187500000000
30691492.3437500000000
30747169.3750000000000
30778202.3750000000000
30819816.8750000000000
30887764.5937500000000
30926231.4062500000000
30985874.3125000000000
30992356.9375000000000
30999116.2187500000000
31000640.8750000000000
31050791.5312500000000
31088033.8437500000000
31120244.3437500000000
31156926.7187500000000
31225353.0937500000000
31302105.5000000000000
31357586.0000000000000
31410840.6250000000000
31428776.6250000000000
31447948.7500000000000
31495429.6875000000000
31516478.6875000000000
31572632.4062500000000
31589559.9375000000000
31594976.4375000000000
31618539.3750000000000
31639344.9375000000000
31653068.6562500000000
31706283.6875000000000
31761273.0312500000000
31825704.1875000000000
31826713.1250000000000
31834701.4062500000000
31906955.1250000000000
31929313.4375000000000
31950584.7187500000000
31999294.0625000000000
32022796.5625000000000
32070982.0937500000000
32131282.7187500000000
32210141.6875000000000
32266654.5937500000000
32286857.5937500000000
32301913.2500000000000
32354299.2812500000000
32384498.7500000000000
32437991.8437500000000
32459374.1562500000000
32508036.2500000000000
32536223.5625000000000
32572166.0937500000000
32655058.1250000000000
32699995.5000000000000
32750966.0312500000000
32808127.0625000000000
32825020.4687500000000
32861501.9375000000000
32924369.1250000000000
32984318.2187500000000
33011751.2187500000000
33016871.4375000000000
33085757.0937500000000
33131586.6250000000000
33133416.7500000000000
33187952.1562500000000
33228509.1250000000000
33274362.7500000000000
33322479.5000000000000
33347931.5937500000000
33366364.8750000000000
33438156.0312500000000
33496438.3125000000000
33554172.0000000000000
33622397.6250000000000
33683019.2500000000000
33755812.1875000000000
33775746.0312500000000
33827785.9375000000000
33843142.3125000000000
33863436.4062500000000
33874990.4062500000000
33875832.5937500000000
33951376.1562500000000
34032996.3750000000000
34059452.5000000000000
34097318.6875000000000
34162348.2812500000000
34222831.1250000000000
34279682.0312500000000
34324474.2500000000000
34333618.9687500000000
34406337.7812500000000
34451844.4687500000000
34457920.4687500000000
34475485.5312500000000
34513157.2187500000000
34559174.7812500000000
34606558.4687500000000
34669087.5312500000000
34670108.4062500000000
34722883.8750000000000
34791190.9687500000000
34830226.8125000000000
34872546.7500000000000
34925918.9062500000000
34973394.6562500000000
34991481.9687500000000
35012130.6562500000000
35072194.2500000000000
35153694.9687500000000
35154036.7187500000000
35171388.4687500000000
35211057.0625000000000
35270897.5312500000000
35337407.7500000000000
35351955.2500000000000
35364126.3750000000000
35390810.0000000000000
35467434.6875000000000
35511650.6562500000000
35546091.9062500000000
35614708.6875000000000
35646355.8125000000000
35667462.4375000000000
35713654.1250000000000
35751064.9687500000000
35811134.0625000000000
35862391.4062500000000
35922966.7187500000000
35945406.2187500000000
36005981.5000000000000
36026547.5937500000000
36032642.1875000000000
36091125.3125000000000
36163834.0000000000000
36174798.7500000000000
36240510.8437500000000
36300223.0625000000000
36370358.4687500000000
36419234.0000000000000
36462107.9687500000000
36478326.2187500000000
36495987.5937500000000
36517441.8125000000000
36557967.5937500000000
36603605.2500000000000
36640821.2187500000000
36674262.0625000000000
36738706.9375000000000
36777634.5000000000000
36831786.4375000000000
36876222.6250000000000
36897975.1250000000000
36980925.2500000000000
37025549.5000000000000
37088196.5000000000000
37111670.7187500000000
37182113.9687500000000
37240608.9062500000000
37241118.0000000000000
37245036.3437500000000
37270699.4687500000000
37283413.3125000000000
